# Created by Octave 3.0.5, Tue Jan 18 20:02:55 2011 CET <icub@lasapcicub>
# name: Priors
# type: matrix
# rows: 1
# columns: 3
 0.2908688025572617 0.4148783171216912 0.2942528803210476
# name: Mu
# type: matrix
# rows: 19
# columns: 3
 59.14669321763501 88.00499005671983 117.8727167889949
 6.779771852277151 11.0159856404289 11.02861969944609
 13.07296704432156 13.39634933321842 18.01819616846625
 34.36381117815868 39.83893500893299 41.60271624173237
 20.87923092090543 16.75960028730342 22.73798643760769
 36.59939116394776 33.20099149193416 32.59949672081782
 35.86868174540351 31.30354889316123 33.71432236170765
 26.6127634465918 27.95597372021595 31.48380921191633
 29.14062993027443 29.11059263570962 30.9429567177198
 26.42564829622147 24.52312901221522 28.37606334229671
 -0.02196823802237776 -0.117808376023188 -0.2131239240281868
 0.3170571508893323 0.3638228093201004 0.3199495717725919
 0.9460522795913822 0.9209229288217918 0.9196856647364489
 0.0982066442557958 -0.01626556777119035 -0.1475626195522736
 0.3460281356271322 0.3785008051880884 0.367961287465393
 0.9302394550360907 0.9229519441912046 0.9126926953849944
 0.09173368596893293 -0.03227702851234359 -0.1552261151245536
 0.3694320577325636 0.3955481394619635 0.3469198300903076
 0.9225328689283289 0.9155738644685925 0.9200676219205777
# name: Sigma
# type: matrix
# ndims: 3
 19 19 3
 222.019427617883
 -6.785401787809346
 6.81333208912712
 34.60317822235105
 13.61945702535513
 -7.092993373165879
 -15.74346866056612
 13.88247466174721
 33.63707576700061
 -1.338057489894939
 -0.7687710219066516
 -0.0682836162734315
 -0.002854163357205842
 -0.8085269574607054
 0.02309297679376879
 0.05785545421621462
 -0.8268690471539192
 0.05202282281456594
 0.05115239435696817
 -6.785401787809344
 2.754128175702171
 -1.692177856770682
 -0.9015137434764995
 -1.215332787773064
 0.2643818859718289
 -0.3472804752016149
 0.3734377234679869
 -0.01614136608537863
 0.06328156705274103
 0.03377784218511887
 0.000637249836218522
 0.00135019036041058
 0.03553170570362692
 -0.006874998441811342
 0.0001005401410486785
 0.03484696042775076
 0.0006320521563321393
 -0.003000898178999022
 6.81333208912712
 -1.692177856770682
 6.196762663109008
 2.187851903770195
 -0.1344812218037537
 -1.724775644735814
 0.0303521804387983
 2.754271686030108
 2.117110410036331
 -0.2766222231625771
 -0.03329885923491174
 -0.003612741048051463
 -0.0006610531781029833
 -0.05146534824369747
 -0.01832843024259146
 0.01075811065819834
 -0.04178097766168701
 -0.003678330519845108
 0.004531091924686728
 34.60317822235105
 -0.9015137434764995
 2.187851903770195
 9.90629221228915
 0.7483331747046118
 -1.161821877194598
 -3.400405561489379
 5.636127800824738
 9.895361642470336
 -0.8428934491757912
 -0.09948729319559303
 -0.01546368429920905
 0.00183310615058873
 -0.1268285266030125
 -0.02140690989117506
 0.01874386438452353
 -0.1292621669105796
 0.0256808692905907
 0.00146276663961998
 13.61945702535513
 -1.215332787773064
 -0.1344812218037536
 0.7483331747046119
 3.820218473643991
 0.1098750069411381
 0.1914341729399209
 -1.006369703983068
 -0.4354190307144566
 0.3518813497096279
 -0.05827850154384435
 0.008779303201986291
 -0.00567572972204289
 -0.05447355592729022
 0.04016256640673078
 -0.01147794463634683
 -0.06230963274581112
 0.007351731999345952
 0.001773728488383311
 -7.092993373165878
 0.2643818859718288
 -1.724775644735814
 -1.161821877194598
 0.1098750069411382
 2.198341620619659
 0.5174954654248716
 -1.308618042705462
 -1.534226312997361
 0.4999323283666403
 0.02451360621891834
 0.004195731031879847
 -0.0009669909466856513
 0.02903012270501561
 0.01225463248960068
 -0.00757132926758004
 0.02803297512429935
 0.0004203911133572122
 -0.00296338190551978
 -15.74346866056611
 -0.347280475201615
 0.03035218043879853
 -3.400405561489379
 0.191434172939921
 0.5174954654248716
 3.584750765161742
 -1.86069783815833
 -4.486326123364505
 0.3656847845952593
 0.04780399521722298
 0.01633704906936142
 -0.004602264540435494
 0.05054946940763381
 0.02758590705834418
 -0.01569874566769613
 0.04813507886969317
 0.001722619757770109
 -0.005552409854390129
 13.88247466174721
 0.3734377234679869
 2.754271686030108
 5.636127800824738
 -1.006369703983068
 -1.308618042705462
 -1.86069783815833
 8.162396898126072
 7.273329647329997
 -0.3036797579219383
 -0.0190150469069291
 -0.00894509459872102
 0.002044454436513668
 -0.05605464739405682
 -0.01837800787265679
 0.01191573583881567
 -0.05436075754133069
 0.02577976792321795
 -0.004409502087919459
 33.63707576700061
 -0.01614136608537877
 2.117110410036331
 9.895361642470338
 -0.4354190307144566
 -1.534226312997361
 -4.486326123364504
 7.273329647329997
 14.59390025710444
 -1.656189307536124
 -0.07533451840957055
 -0.02623627582134648
 0.007141142357345425
 -0.1030000141005763
 -0.06267104221283949
 0.03379157902962112
 -0.1104432159510775
 0.02715590674705937
 0.0001216074431567904
 -1.338057489894939
 0.06328156705274104
 -0.2766222231625771
 -0.8428934491757913
 0.3518813497096279
 0.4999323283666403
 0.3656847845952594
 -0.3036797579219384
 -1.656189307536124
 2.230963215165616
 -0.009601741211050892
 0.0008365785613364127
 -0.001510410407131527
 -0.008960503773641314
 0.01606742799325504
 -0.006216637607544746
 4.240446626455836e-05
 -0.009808277867781467
 0.002996462996420631
 -0.7687710219066516
 0.03377784218511887
 -0.03329885923491174
 -0.09948729319559305
 -0.05827850154384435
 0.02451360621891835
 0.04780399521722298
 -0.0190150469069291
 -0.07533451840957055
 -0.009601741211050892
 0.003561487273303766
 0.0002389888394378747
 3.70386575772076e-05
 0.003257732966534716
 -0.0002336586124320305
 -0.0001806924571897916
 0.003107728914279018
 0.0002094381168766448
 -0.0003360734525078468
 -0.06828361627343149
 0.000637249836218522
 -0.003612741048051463
 -0.01546368429920905
 0.008779303201986293
 0.004195731031879847
 0.01633704906936142
 -0.00894509459872102
 -0.02623627582134648
 0.0008365785613364143
 0.0002389888394378747
 0.0005629594961331001
 -0.0001450880667765885
 0.0002476629233513271
 0.0006312168439302232
 -0.000273024289339173
 9.002867817389986e-05
 0.0003107851148330358
 -0.0001306745126908935
 -0.002854163357205842
 0.00135019036041058
 -0.0006610531781029833
 0.00183310615058873
 -0.00567572972204289
 -0.000966990946685651
 -0.004602264540435493
 0.002044454436513668
 0.007141142357345425
 -0.001510410407131527
 3.70386575772076e-05
 -0.0001450880667765885
 0.0001527971642068224
 4.07009548649286e-05
 -0.0002321698134663163
 9.150973779742346e-05
 8.837561398684117e-05
 -9.362652095032853e-05
 3.26190927833522e-05
 -0.8085269574607054
 0.03553170570362692
 -0.05146534824369747
 -0.1268285266030125
 -0.05447355592729022
 0.02903012270501561
 0.05054946940763382
 -0.05605464739405683
 -0.1030000141005763
 -0.008960503773641314
 0.003257732966534716
 0.0002476629233513271
 4.07009548649286e-05
 0.003600868664005954
 -0.0002529943351351629
 -0.0001782876796792943
 0.003285312967456201
 -7.151615303583659e-07
 -0.0002653391583519121
 0.02309297679376878
 -0.006874998441811341
 -0.01832843024259146
 -0.02140690989117506
 0.04016256640673078
 0.01225463248960067
 0.02758590705834418
 -0.01837800787265679
 -0.06267104221283949
 0.01606742799325504
 -0.0002336586124320305
 0.0006312168439302232
 -0.0002321698134663163
 -0.0002529943351351629
 0.001623480978477073
 -0.0005857374588390033
 -0.0004506618763919901
 0.0004510693344497871
 -0.0001445828630266077
 0.05785545421621461
 0.000100540141048678
 0.01075811065819834
 0.01874386438452353
 -0.01147794463634683
 -0.00757132926758004
 -0.01569874566769613
 0.01191573583881567
 0.03379157902962112
 -0.006216637607544746
 -0.0001806924571897916
 -0.000273024289339173
 9.150973779742345e-05
 -0.0001782876796792942
 -0.0005857374588390032
 0.0003501909921629706
 -8.941799082915619e-05
 -0.0001774282648967969
 8.080982182964355e-05
 -0.8268690471539191
 0.03484696042775076
 -0.04178097766168701
 -0.1292621669105796
 -0.06230963274581112
 0.02803297512429935
