19 3
0.290869
0.414878
0.294253
59.146693 6.779772 13.072967 34.363811 20.879231 36.599391 35.868682 26.612763 29.140630 26.425648 -0.021968 0.317057 0.946052 0.098207 0.346028 0.930239 0.091734 0.369432 0.922533 88.004990 11.015986 13.396349 39.838935 16.759600 33.200991 31.303549 27.955974 29.110593 24.523129 -0.117808 0.363823 0.920923 -0.016266 0.378501 0.922952 -0.032277 0.395548 0.915574 117.872717 11.028620 18.018196 41.602716 22.737986 32.599497 33.714322 31.483809 30.942957 28.376063 -0.213124 0.319950 0.919686 -0.147563 0.367961 0.912693 -0.155226 0.346920 0.920068 
222.019428 -6.785402 6.813332 34.603178 13.619457 -7.092993 -15.743469 13.882475 33.637076 -1.338057 -0.768771 -0.068284 -0.002854 -0.808527 0.023093 0.057855 -0.826869 0.052023 0.051152 -6.785402 2.754128 -1.692178 -0.901514 -1.215333 0.264382 -0.347280 0.373438 -0.016141 0.063282 0.033778 0.000637 0.001350 0.035532 -0.006875 0.000101 0.034847 0.000632 -0.003001 6.813332 -1.692178 6.196763 2.187852 -0.134481 -1.724776 0.030352 2.754272 2.117110 -0.276622 -0.033299 -0.003613 -0.000661 -0.051465 -0.018328 0.010758 -0.041781 -0.003678 0.004531 34.603178 -0.901514 2.187852 9.906292 0.748333 -1.161822 -3.400406 5.636128 9.895362 -0.842893 -0.099487 -0.015464 0.001833 -0.126829 -0.021407 0.018744 -0.129262 0.025681 0.001463 13.619457 -1.215333 -0.134481 0.748333 3.820218 0.109875 0.191434 -1.006370 -0.435419 0.351881 -0.058279 0.008779 -0.005676 -0.054474 0.040163 -0.011478 -0.062310 0.007352 0.001774 -7.092993 0.264382 -1.724776 -1.161822 0.109875 2.198342 0.517495 -1.308618 -1.534226 0.499932 0.024514 0.004196 -0.000967 0.029030 0.012255 -0.007571 0.028033 0.000420 -0.002963 -15.743469 -0.347280 0.030352 -3.400406 0.191434 0.517495 3.584751 -1.860698 -4.486326 0.365685 0.047804 0.016337 -0.004602 0.050549 0.027586 -0.015699 0.048135 0.001723 -0.005552 13.882475 0.373438 2.754272 5.636128 -1.006370 -1.308618 -1.860698 8.162397 7.273330 -0.303680 -0.019015 -0.008945 0.002044 -0.056055 -0.018378 0.011916 -0.054361 0.025780 -0.004410 33.637076 -0.016141 2.117110 9.895362 -0.435419 -1.534226 -4.486326 7.273330 14.593900 -1.656189 -0.075335 -0.026236 0.007141 -0.103000 -0.062671 0.033792 -0.110443 0.027156 0.000122 -1.338057 0.063282 -0.276622 -0.842893 0.351881 0.499932 0.365685 -0.303680 -1.656189 2.230963 -0.009602 0.000837 -0.001510 -0.008961 0.016067 -0.006217 0.000042 -0.009808 0.002996 -0.768771 0.033778 -0.033299 -0.099487 -0.058279 0.024514 0.047804 -0.019015 -0.075335 -0.009602 0.003561 0.000239 0.000037 0.003258 -0.000234 -0.000181 0.003108 0.000209 -0.000336 -0.068284 0.000637 -0.003613 -0.015464 0.008779 0.004196 0.016337 -0.008945 -0.026236 0.000837 0.000239 0.000563 -0.000145 0.000248 0.000631 -0.000273 0.000090 0.000311 -0.000131 -0.002854 0.001350 -0.000661 0.001833 -0.005676 -0.000967 -0.004602 0.002044 0.007141 -0.001510 0.000037 -0.000145 0.000153 0.000041 -0.000232 0.000092 0.000088 -0.000094 0.000033 -0.808527 0.035532 -0.051465 -0.126829 -0.054474 0.029030 0.050549 -0.056055 -0.103000 -0.008961 0.003258 0.000248 0.000041 0.003601 -0.000253 -0.000178 0.003285 -0.000001 -0.000265 0.023093 -0.006875 -0.018328 -0.021407 0.040163 0.012255 0.027586 -0.018378 -0.062671 0.016067 -0.000234 0.000631 -0.000232 -0.000253 0.001623 -0.000586 -0.000451 0.000451 -0.000145 0.057855 0.000101 0.010758 0.018744 -0.011478 -0.007571 -0.015699 0.011916 0.033792 -0.006217 -0.000181 -0.000273 0.000092 -0.000178 -0.000586 0.000350 -0.000089 -0.000177 0.000081 -0.826869 0.034847 -0.041781 -0.129262 -0.062310 0.028033 0.048135 -0.054361 -0.110443 0.000042 0.003108 0.000090 0.000088 0.003285 -0.000451 -0.000089 0.003480 -0.000260 -0.000179 0.052023 0.000632 -0.003678 0.025681 0.007352 0.000420 0.001723 0.025780 0.027156 -0.009808 0.000209 0.000311 -0.000094 -0.000001 0.000451 -0.000177 -0.000260 0.000671 -0.000189 0.051152 -0.003001 0.004531 0.001463 0.001774 -0.002963 -0.005552 -0.004410 0.000122 0.002996 -0.000336 -0.000131 0.000033 -0.000265 -0.000145 0.000081 -0.000179 -0.000189 0.000187 
12.426329 -14.115201 -9.779449 16.185814 8.499247 10.945064 17.250391 -2.530082 3.839290 1.641376 0.014407 -0.084041 0.034232 -0.016283 0.131562 -0.056449 0.001490 0.109183 -0.048756 -14.115201 66.332819 49.248742 -80.934790 -24.384821 -50.810479 -75.969597 9.976936 -20.838269 -3.594989 -0.166855 0.461867 -0.212215 -0.100720 -0.378852 0.158259 -0.118951 -0.416083 0.177324 -9.779449 49.248742 42.671214 -66.102136 -16.906219 -40.770528 -59.205506 6.976074 -17.695922 -3.856001 -0.127133 0.360525 -0.166760 -0.099994 -0.291402 0.119493 -0.095671 -0.330813 0.138764 16.185814 -80.934790 -66.102136 117.046129 18.802584 68.191284 92.464229 -12.079586 28.055581 4.992709 0.209999 -0.543367 0.254216 0.160684 0.459756 -0.188846 0.143771 0.551597 -0.233833 8.499247 -24.384821 -16.906219 18.802584 22.252106 15.513223 33.532950 -3.433546 7.376543 2.391275 0.048056 -0.184307 0.079485 0.001259 0.190229 -0.082272 0.035743 0.154806 -0.066748 10.945064 -50.810479 -40.770528 68.191284 15.513223 43.951462 56.874247 -7.478701 17.062310 3.517111 0.128417 -0.366739 0.169420 0.095896 0.292846 -0.120624 0.096673 0.330872 -0.139984 17.250391 -75.969597 -59.205506 92.464229 33.532950 56.874247 97.188867 -11.057076 26.348787 5.475584 0.193084 -0.522810 0.239607 0.112671 0.472840 -0.197907 0.132791 0.507385 -0.215528 -2.530082 9.976936 6.976074 -12.079586 -3.433546 -7.478701 -11.057076 3.994139 -2.441805 -0.138169 -0.024735 0.059500 -0.026775 -0.011277 -0.066728 0.027529 -0.013405 -0.067524 0.029313 3.839290 -20.838269 -17.695922 28.055581 7.376543 17.062310 26.348787 -2.441805 12.048037 3.185767 0.063471 -0.155545 0.070882 0.060733 0.093686 -0.036165 0.055100 0.125514 -0.050884 1.641376 -3.594989 -3.856001 4.992709 2.391275 3.517111 5.475584 -0.138169 3.185767 2.803840 0.008263 -0.026808 0.010813 0.012408 0.021119 -0.007715 0.010725 0.022618 -0.008702 0.014407 -0.166855 -0.127133 0.209999 0.048056 0.128417 0.193084 -0.024735 0.063471 0.008263 0.000691 -0.001301 0.000617 0.000481 0.000683 -0.000272 0.000475 0.000930 -0.000384 -0.084041 0.461867 0.360525 -0.543367 -0.184307 -0.366739 -0.522810 0.059500 -0.155545 -0.026808 -0.001301 0.004276 -0.001915 -0.000975 -0.002112 0.000869 -0.001203 -0.002518 0.001040 0.034232 -0.212215 -0.166760 0.254216 0.079485 0.169420 0.239607 -0.026775 0.070882 0.010813 0.000617 -0.001915 0.000988 0.000472 0.000958 -0.000394 0.000567 0.001165 -0.000480 -0.016283 -0.100720 -0.099994 0.160684 0.001259 0.095896 0.112671 -0.011277 0.060733 0.012408 0.000481 -0.000975 0.000472 0.000777 0.000115 -0.000009 0.000479 0.000483 -0.000174 0.131562 -0.378852 -0.291402 0.459756 0.190229 0.292846 0.472840 -0.066728 0.093686 0.021119 0.000683 -0.002112 0.000958 0.000115 0.003444 -0.001423 0.000241 0.003025 -0.001322 -0.056449 0.158259 0.119493 -0.188846 -0.082272 -0.120624 -0.197907 0.027529 -0.036165 -0.007715 -0.000272 0.000869 -0.000394 -0.000009 -0.001423 0.000711 -0.000084 -0.001273 0.000559 0.001490 -0.118951 -0.095671 0.143771 0.035743 0.096673 0.132791 -0.013405 0.055100 0.010725 0.000475 -0.001203 0.000567 0.000479 0.000241 -0.000084 0.000602 0.000501 -0.000190 0.109183 -0.416083 -0.330813 0.551597 0.154806 0.330872 0.507385 -0.067524 0.125514 0.022618 0.000930 -0.002518 0.001165 0.000483 0.003025 -0.001273 0.000501 0.003237 -0.001351 -0.048756 0.177324 0.138764 -0.233833 -0.066748 -0.139984 -0.215528 0.029313 -0.050884 -0.008702 -0.000384 0.001040 -0.000480 -0.000174 -0.001322 0.000559 -0.000190 -0.001351 0.000685 
336.518155 19.127076 35.424149 73.383992 6.181158 -4.317403 12.518836 32.042860 2.505629 39.695521 -1.007299 -0.167176 -0.167596 -1.425001 -0.098963 -0.161190 -1.473979 -0.409116 -0.073660 19.127076 12.292313 5.439274 -1.848761 -3.769828 -7.136030 -9.992727 2.390352 -2.251617 2.302459 -0.107376 0.086879 -0.055111 -0.134063 -0.001072 -0.018373 -0.161707 -0.063528 -0.002276 35.424149 5.439274 6.939517 4.782339 -0.540728 -2.997684 -3.107090 3.423101 -0.461973 3.469502 -0.119033 0.012469 -0.030203 -0.168572 -0.018327 -0.015004 -0.178118 -0.060995 -0.003045 73.383992 -1.848761 4.782339 23.773003 4.397090 3.878716 10.094717 7.850334 2.415010 10.309760 -0.216777 -0.071521 -0.025045 -0.304046 0.012465 -0.050522 -0.302326 -0.047677 -0.031674 6.181158 -3.769828 -0.540728 4.397090 4.747506 3.240797 4.259620 1.198641 1.008505 2.170862 -0.020109 -0.021417 0.002168 -0.028006 0.028956 -0.016682 -0.020226 0.018897 -0.011546 -4.317403 -7.136030 -2.997684 3.878716 3.240797 6.411485 6.999070 -0.364386 1.424526 0.647911 0.035093 -0.056153 0.027372 0.044811 0.014559 -0.000526 0.060843 0.035302 -0.004490 12.518836 -9.992727 -3.107090 10.094717 4.259620 6.999070 13.943960 0.902830 2.386575 2.160168 0.009376 -0.103423 0.038197 -0.000383 0.004182 -0.002983 0.021475 0.030759 -0.008710 32.042860 2.390352 3.423101 7.850334 1.198641 -0.364386 0.902830 5.736394 0.212605 5.385050 -0.123207 0.000298 -0.027313 -0.163507 0.019879 -0.030328 -0.163280 -0.034727 -0.012186 2.505629 -2.251617 -0.461973 2.415010 1.008505 1.424526 2.386575 0.212605 6.269783 -3.464013 0.043189 -0.054945 0.028841 0.029501 -0.069217 0.032397 0.044700 0.007248 0.004851 39.695521 2.302459 3.469502 10.309760 2.170862 0.647911 2.160168 5.385050 -3.464013 12.407334 -0.181965 0.024787 -0.051709 -0.216974 0.086146 -0.068014 -0.234729 -0.045694 -0.023835 -1.007299 -0.107376 -0.119033 -0.216777 -0.020109 0.035093 0.009376 -0.123207 0.043189 -0.181965 0.004247 -0.000611 0.001146 0.005335 -0.000985 0.001151 0.005617 0.001216 0.000432 -0.167176 0.086879 0.012469 -0.071521 -0.021417 -0.056153 -0.103423 0.000298 -0.054945 0.024787 -0.000611 0.001803 -0.000756 -0.000396 0.001167 -0.000536 -0.000698 0.000112 -0.000185 -0.167596 -0.055111 -0.030203 -0.025045 0.002168 0.027372 0.038197 -0.027313 0.028841 -0.051709 0.001146 -0.000756 0.000638 0.001325 -0.000646 0.000460 0.001524 0.000226 0.000178 -1.425001 -0.134063 -0.168572 -0.304046 -0.028006 0.044811 -0.000383 -0.163507 0.029501 -0.216974 0.005335 -0.000396 0.001325 0.007256 -0.000719 0.001281 0.007413 0.001750 0.000487 -0.098963 -0.001072 -0.018327 0.012465 0.028956 0.014559 0.004182 0.019879 -0.069217 0.086146 -0.000985 0.001167 -0.000646 -0.000719 0.002180 -0.000957 -0.000846 0.000489 -0.000359 -0.161190 -0.018373 -0.015004 -0.050522 -0.016682 -0.000526 -0.002983 -0.030328 0.032397 -0.068014 0.001151 -0.000536 0.000460 0.001281 -0.000957 0.000686 0.001407 0.000045 0.000235 -1.473979 -0.161707 -0.178118 -0.302326 -0.020226 0.060843 0.021475 -0.163280 0.044700 -0.234729 0.005617 -0.000698 0.001524 0.007413 -0.000846 0.001407 0.008001 0.001883 0.000557 -0.409116 -0.063528 -0.060995 -0.047677 0.018897 0.035302 0.030759 -0.034727 0.007248 -0.045694 0.001216 0.000112 0.000226 0.001750 0.000489 0.000045 0.001883 0.001082 -0.000081 -0.073660 -0.002276 -0.003045 -0.031674 -0.011546 -0.004490 -0.008710 -0.012186 0.004851 -0.023835 0.000432 -0.000185 0.000178 0.000487 -0.000359 0.000235 0.000557 -0.000081 0.000244 
