# Created by Octave 3.0.5, Tue Jan 18 17:59:56 2011 CET <icub@lasapcicub>
# name: Priors
# type: matrix
# rows: 1
# columns: 3
 0.284090847970317 0.2588147622880612 0.457094389741622
# name: Mu
# type: matrix
# rows: 19
# columns: 3
 109.8821877549949 64.93824188300049 88.37809044929142
 12.09507485954445 8.416414765144573 11.75430364932398
 27.17819522286607 22.05727067103916 22.31772151541729
 36.02813000533429 29.85794824671981 36.86544601270801
 26.68182239227942 27.11862840577716 20.3196887229743
 28.70640010864938 33.42528201381426 30.32458428492667
 40.27698730868096 41.55292625893158 37.9227491770895
 31.88091501382634 30.96538424573927 29.29104785892433
 29.70478761535305 30.86205484370697 29.48617885417711
 27.08990976860182 25.48758344525159 23.21106558753001
 -0.2075523076486478 -0.02931078263588682 -0.122895931554597
 0.3496718765717977 0.3388783518219655 0.3616598372683296
 0.9119365599863383 0.9381172700955394 0.9218787861148661
 -0.1119338967141195 0.1119897676337726 0.01382187659723107
 0.3351166731394968 0.332402081251364 0.324983557262107
 0.9316291238132796 0.934165064958643 0.945033054604877
 -0.1417174558914164 0.07986117089146397 -0.02294709079792824
 0.3226768898007508 0.3705896217007241 0.3701213927842638
 0.9316597466708041 0.9235226354294587 0.9278890353183876
# name: Sigma
# type: matrix
# ndims: 3
 19 19 3
 251.8066593790775
 1.411716627567775
 43.50131317033767
 69.04696313758866
 0.494243856116543
 -9.35280443498141
 23.92284498006212
 17.89136098349766
 -3.043195925182318
 32.59109698849991
 -0.7776598054992754
 0.005874106224750935
 -0.1759736111157691
 -1.227217845670453
 0.03761260574081457
 -0.1540168746418386
 -1.297746341414408
 -0.3093425711830293
 -0.09135631346583982
 1.411716627567775
 6.060267883802535
 -7.781443026171414
 -8.307988786374773
 6.155604702813028
 -1.555307635296173
 1.296110994444744
 -2.731722766577659
 -3.029168547471329
 1.545543582458604
 -0.01655469270600827
 -0.01901382560333557
 0.004109644643237984
 -0.0016394243052934
 0.04920173184040888
 -0.01715272168661384
 -0.01545882248252462
 -0.02035705201021522
 0.004610565724419751
 43.50131317033767
 -7.781443026171413
 26.28005389275743
 25.68161484803749
 -11.71664482444418
 -0.2354162323367737
 -0.1037121054769125
 7.795860704042862
 4.185832051883041
 3.423100827826037
 -0.1124904500279264
 0.04988713962725563
 -0.0452634005934624
 -0.2188844262862353
 -0.09728452705789886
 0.008530641060724429
 -0.214058765445874
 -0.04724149999812886
 -0.01713658141854012
 69.04696313758866
 -8.307988786374773
 25.6816148480375
 38.99461403044415
 -14.0909728741676
 1.538396302714313
 2.082896135241077
 9.426169565231934
 4.773371029133841
 7.66485452440021
 -0.2060558096033711
 0.04551407774373726
 -0.06497105423851286
 -0.3624991926680921
 -0.09022997321048701
 -0.0115477272574072
 -0.3667665376759105
 -0.0575449745456926
 -0.0381686166708141
 0.4942438561165434
 6.155604702813029
 -11.71664482444418
 -14.0909728741676
 13.49210781065095
 -2.971151036544138
 5.323099325189783
 -3.062134175929938
 -3.679116973938106
 0.8911337558959064
 -0.00785805725560745
 -0.04291313448199158
 0.01593736336457368
 0.01352127013062106
 0.08805349827351271
 -0.02802640748463083
 0.008267783130134508
 -0.008434663745283514
 0.006287782241170129
 -9.35280443498141
 -1.555307635296173
 -0.2354162323367732
 1.538396302714313
 -2.971151036544139
 3.16818081083329
 -2.538610834559904
 -0.01795194146996021
 1.002917918957906
 -0.7243454782552591
 0.02553903212563683
 0.006185806615102354
 0.002779863722698796
 0.037142862135417
 -0.01676289332842541
 0.009108922159180105
 0.04133541029535311
 0.01484794661637921
 -0.0001365179421236408
 23.92284498006212
 1.296110994444744
 -0.1037121054769124
 2.082896135241077
 5.323099325189783
 -2.538610834559904
 7.999927757130308
 1.247641849864068
 -0.7709542016098115
 2.234745866678399
 -0.06526414737101624
 -0.02086479571668858
 -0.006013527127852301
 -0.1020700745841538
 0.03814987647314636
 -0.0244242906948966
 -0.1047009050228418
 -0.01294470248335771
 -0.009630866294642144
 17.89136098349766
 -2.731722766577659
 7.795860704042862
 9.426169565231934
 -3.062134175929938
 -0.01795194146996027
 1.247641849864068
 4.207529957841188
 1.768126234938335
 1.579588656917739
 -0.04903515044237687
 0.01208887404890219
 -0.01557372163900256
 -0.09152545326505342
 -0.02515401636127307
 -0.00122871629714158
 -0.08677172077587512
 -0.01173624290513105
 -0.008436921807965519
 -3.043195925182318
 -3.029168547471329
 4.185832051883041
 4.773371029133841
 -3.679116973938105
 1.002917918957906
 -0.7709542016098115
 1.768126234938335
 3.692739853184436
 -1.132177957197768
 0.01634093909504257
 0.01324753867447953
 -0.001725706176398499
 0.009863054347339905
 -0.03329603261689159
 0.0126891827439249
 0.01892471238236506
 0.01706309385938538
 -0.002996667714082827
 32.59109698849992
 1.545543582458604
 3.423100827826038
 7.664854524400209
 0.8911337558959065
 -0.7243454782552592
 2.234745866678399
 1.57958865691774
 -1.132177957197768
 7.063953068944446
 -0.1145320168254762
 -0.002486895996925123
 -0.02487900704288678
 -0.1692840492977224
 0.01445411840553333
 -0.02527206050403949
 -0.1849485350537005
 -0.05752043266151207
 -0.01002127514793302
 -0.7776598054992754
 -0.01655469270600827
 -0.1124904500279264
 -0.2060558096033711
 -0.007858057255607447
 0.02553903212563683
 -0.06526414737101624
 -0.04903515044237687
 0.01634093909504257
 -0.1145320168254762
 0.002752673261291894
 1.717033186660041e-05
 0.0005758968476579643
 0.004037402340032835
 -0.0002148558247056142
 0.00052259138739787
 0.00424518316221261
 0.001080429636881336
 0.0002616739682158596
 0.005874106224750936
 -0.01901382560333557
 0.04988713962725563
 0.04551407774373726
 -0.04291313448199158
 0.006185806615102353
 -0.02086479571668858
 0.01208887404890218
 0.01324753867447953
 -0.002486895996925123
 1.71703318666004e-05
 0.0003112344004661052
 -7.867248089373788e-05
 -6.617195213303846e-05
 -0.0003309670039642696
 0.0001098443748572661
 -5.23505699319346e-05
 -1.662413072542682e-05
 -4.493991533399858e-06
 -0.1759736111157691
 0.004109644643237982
 -0.0452634005934624
 -0.06497105423851285
 0.01593736336457368
 0.002779863722698796
 -0.0060135271278523
 -0.01557372163900256
 -0.001725706176398499
 -0.02487900704288678
 0.0005758968476579643
 -7.867248089373788e-05
 0.0002594212456022434
 0.0009172563384675078
 8.956445301905663e-05
 7.384175647093803e-05
 0.000968167125900346
 0.0002502498156478409
 6.421111161453155e-05
 -1.227217845670453
 -0.0016394243052934
 -0.2188844262862353
 -0.362499192668092
 0.01352127013062106
 0.037142862135417
 -0.1020700745841538
 -0.09152545326505342
 0.009863054347339905
 -0.1692840492977223
 0.004037402340032835
 -6.617195213303844e-05
 0.0009172563384675078
 0.006424811029680714
 -0.0001003862823163613
 0.0007409347131773759
 0.006597626095235688
 0.001573298273342681
 0.0004463964798513417
 0.03761260574081457
 0.04920173184040887
 -0.09728452705789886
 -0.09022997321048699
 0.08805349827351269
 -0.01676289332842541
 0.03814987647314636
 -0.02515401636127307
 -0.03329603261689159
 0.01445411840553333
 -0.0002148558247056142
 -0.0003309670039642695
 8.956445301905663e-05
 -0.0001003862823163613
 0.0008328825572014917
 -0.000257091660789774
 -0.0001686552894027841
 -7.301517757070966e-05
 1.591700949488769e-05
 -0.1540168746418386
 -0.01715272168661384
 0.008530641060724426
 -0.0115477272574072
 -0.02802640748463083
 0.009108922159180105
 -0.02442429069489661
 -0.001228716297141581
 0.01268918274392489
 -0.02527206050403949
 0.0005225913873978701
 0.0001098443748572661
 7.384175647093804e-05
 0.000740934713177376
 -0.000257091660789774
 0.0002771001762463128
 0.0008157715255094904
 0.0002139637939611031
 5.243442061255337e-05
 -1.297746341414408
 -0.01545882248252461
 -0.214058765445874
 -0.3667665376759105
 0.00826778313013451
 0.04133541029535311
 -0.1047009050228418
 -0.08677172077587512
 0.01892471238236506
 -0.1849485350537005
