# Created by Octave 3.0.5, Fri Jun 17 18:29:04 2011 CEST <icub@lasapcicub>
# name: Priors
# type: matrix
# rows: 1
# columns: 3
 0.3720985573702681 0.4117565233404272 0.2161449192893047
# name: Mu
# type: matrix
# rows: 19
# columns: 3
 94.3974394324039 98.25514008292728 86.39563250592474
 17.96217459418753 16.23942692814109 13.14437741518278
 13.48377005841779 18.27978966577184 17.0641173193336
 44.96837564073687 45.32495373764104 44.94444767346364
 16.10118701125181 16.52568094501931 17.09182623869672
 32.53026925497132 34.9534843450649 38.26738050097612
 32.88599334903404 28.1539593342857 28.16866192875823
 27.97145700233668 30.95181635013295 28.75299932436273
 27.27243061962778 29.22939850374005 29.49432655029034
 23.69541130943701 24.55678253134741 24.3391490541043
 -0.1535711495285152 -0.1727410460766001 -0.1096930162729888
 0.3342694946869781 0.3440901842598456 0.339301658769878
 0.9295069626242234 0.9225246437271306 0.9335158225662
 -0.01266349620953309 -0.03621786402413427 0.05104264579560239
 0.3201308139944664 0.3077807176407812 0.3057870166398733
 0.9465625278347772 0.9500397851796656 0.9494917636306976
 -0.1368945940006502 -0.1570959082958538 -0.07829725922206185
 0.4083059515598174 0.3887398949702036 0.4040689650744996
 0.9017884788375758 0.9073132153924753 0.9099598497684745
# name: Sigma
# type: matrix
# ndims: 3
 19 19 3
 7.771739281690315
 -5.925919794090754
 -0.1657319390908449
 2.645700446536462
 6.63472394138739
 2.854965788390469
 5.177647386034996
 -2.111461314516872
 2.663036084930801
 -0.07403919772605139
 -0.02262224692559358
 -0.0376445121067672
 0.009813945997666438
 -0.04531593908258191
 0.05828051123498881
 -0.02155793414216532
 -0.03665241177989632
 0.03331826319958042
 -0.0203493872951003
 -5.925919794090755
 18.62294285918477
 2.907011678388725
 -10.9063418579251
 -12.58548092413104
 -8.591703960933037
 -16.52341362035905
 4.070858702604423
 -10.46124406096679
 -0.09003031949987435
 0.01130580517284158
 0.09505020331375924
 -0.03276786890755601
 -0.005703785930177929
 -0.08646256368300551
 0.03034671043580147
 0.01243273767751901
 -0.1214064259487723
 0.05611049027662145
 -0.165731939090845
 2.907011678388725
 1.892499034367147
 -2.265739209542743
 -1.547671652793097
 -1.269860924880673
 -3.197402447585656
 0.5582763211123721
 -2.050944682269855
 0.004905715439691078
 -0.001399654380692826
 0.01631105166930295
 -0.006235327265462724
 -0.01019630817520042
 -0.008468368006902528
 0.002785946949570635
 -0.002533141860886877
 -0.02334453942366844
 0.01002777324393491
 2.645700446536462
 -10.9063418579251
 -2.265739209542743
 15.08898168714404
 0.4046574102868533
 6.905768489101769
 8.682253577854672
 -2.067171146348299
 5.993792093352333
 -0.4384924980779488
 -0.0008965620776302679
 -0.05783539492398401
 0.02099215594041198
 0.01979334221480116
 0.02080613912532722
 -0.007413743479010007
 0.002116363756615587
 0.07634915343522145
 -0.03371363298562755
 6.63472394138739
 -12.58548092413104
 -1.547671652793097
 0.4046574102868521
 18.19769429815437
 4.46652623937984
 13.63878337216544
 -3.486578697558171
 8.01966907297582
 0.4850015620855288
 -0.01922876477934267
 -0.07191182988975123
 0.02294216306678207
 -0.02508963321116263
 0.1029348459741595
 -0.03636484349581906
 -0.02922802727951108
 0.08427187135449214
 -0.04210001925512413
 2.85496578839047
 -8.591703960933039
 -1.269860924880673
 6.90576848910177
 4.46652623937984
 5.952005620255696
 6.9316868307444
 -1.730846282474429
 4.741636292343278
 -0.05593143349756245
 -0.005433507445187041
 -0.04425500087247423
 0.0151553754597944
 0.003044886145009247
 0.03573788144677333
 -0.01274709541823995
 -0.00389698716083274
 0.05679445022377633
 -0.0260144877391667
 5.177647386034996
 -16.52341362035905
 -3.197402447585656
 8.682253577854672
 13.63878337216544
 6.9316868307444
 18.55645557569958
 -4.126718549645938
 10.52396242845144
 0.1718036044892414
 -0.008338708892746903
 -0.09302802084652728
 0.03268042876868092
 0.01021322343795612
 0.08655562112506676
 -0.03000244591825319
 -0.01284208616619421
 0.1190267809392023
 -0.05500142316151591
 -2.111461314516872
 4.070858702604423
 0.5582763211123721
 -2.067171146348299
 -3.48657869755817
 -1.730846282474429
 -4.126718549645938
 2.351303898018385
 -2.135994845608248
 -0.003827417707611705
 0.005276484456878168
 0.02352458592593618
 -0.007713559092117057
 0.006157575511622401
 -0.02639131529350605
 0.009324825067756125
 0.008254633063665431
 -0.02808689700160123
 0.01375022198903024
 2.663036084930801
 -10.46124406096679
 -2.050944682269855
 5.993792093352333
 8.01966907297582
 4.741636292343277
 10.52396242845144
 -2.135994845608248
 8.102844511247085
 0.09361661852233306
 -0.003465274226322189
 -0.05745299522841482
 0.02045693312770252
 0.01352649883401904
 0.04714073453774736
 -0.01625909280850917
 -0.002814268584952489
 0.07524670257723735
 -0.0339854342232456
 -0.07403919772605133
 -0.09003031949987436
 0.004905715439691092
 -0.4384924980779488
 0.4850015620855287
 -0.05593143349756246
 0.1718036044892414
 -0.003827417707611694
 0.09361661852233305
 1.113697887538251
 0.0007023177135357648
 -0.0003327116357877444
 0.0002125481651501118
 0.0002167838080727706
 0.003030870313089052
 -0.001024140189892929
 0.0008083853063681045
 0.0005361470732111678
 -0.0001654965304896919
 -0.02262224692559358
 0.01130580517284158
 -0.001399654380692826
 -0.0008965620776302697
 -0.01922876477934267
 -0.005433507445187041
 -0.008338708892746904
 0.005276484456878169
 -0.003465274226322189
 0.0007023177135357646
 0.000193502304799921
 7.944601529835602e-05
 -1.304500717465088e-05
 0.0001774635601198009
 -0.0001568680233628243
 5.934831030417628e-05
 0.0001355049988501492
 -5.096170547164978e-05
 4.240250249451943e-05
 -0.0376445121067672
 0.09505020331375924
 0.01631105166930295
 -0.05783539492398401
 -0.07191182988975123
 -0.04425500087247422
 -0.09302802084652728
 0.02352458592593618
 -0.05745299522841482
 -0.0003327116357877443
 7.9446015298356e-05
 0.0006382809363793279
 -0.0001832438700959299
 1.335694879717194e-05
 -0.0005049557817326326
 0.0001779895990440308
 0.0001126757550481669
 -0.0006658424446702367
 0.0003139812060769143
 0.009813945997666438
 -0.03276786890755601
 -0.006235327265462724
 0.02099215594041197
 0.02294216306678207
 0.01515537545979439
 0.03268042876868091
 -0.007713559092117057
 0.02045693312770252
 0.0002125481651501119
 -1.304500717465088e-05
 -0.0001832438700959299
 0.0001648301254701438
 2.687327539226491e-05
 0.0001559324300586012
 -5.42218681006489e-05
 -1.779623225506836e-05
 0.0002351541992860344
 -0.0001076211166777284
 -0.04531593908258191
 -0.005703785930177929
 -0.01019630817520042
 0.01979334221480116
 -0.02508963321116263
 0.003044886145009247
 0.01021322343795612
 0.006157575511622401
 0.01352649883401904
 0.0002167838080727701
 0.0001774635601198009
 1.335694879717194e-05
 2.687327539226491e-05
 0.0006042955865409287
 -0.0003082530902431347
 0.0001198573282427248
 0.0003226788467985518
 0.0001346048132209354
 -1.09083397319182e-05
 0.0582805112349888
 -0.08646256368300549
 -0.008468368006902529
 0.02080613912532723
 0.1029348459741595
 0.03573788144677333
 0.08655562112506676
 -0.02639131529350605
 0.04714073453774736
 0.003030870313089052
 -0.0001568680233628243
 -0.0005049557817326326
 0.0001559324300586012
 -0.0003082530902431347
 0.0008713415905931923
 -0.0002767222073265657
 -0.0002699434071239979
 0.0005476133036894443
 -0.0002874678737598058
 -0.02155793414216532
 0.03034671043580146
 0.002785946949570635
 -0.007413743479010005
 -0.03636484349581906
 -0.01274709541823994
 -0.03000244591825319
 0.009324825067756125
 -0.01625909280850917
 -0.001024140189892929
 5.934831030417628e-05
 0.0001779895990440308
 -5.42218681006489e-05
 0.0001198573282427248
 -0.0002767222073265657
 0.0001996415451312714
 0.0001022451392085487
 -0.0001895661278713756
 0.0001008787124981608
 -0.03665241177989631
 0.01243273767751901
 -0.002533141860886877
 0.002116363756615587
 -0.02922802727951107
