19 3
0.372099
0.411757
0.216145
94.397439 17.962175 13.483770 44.968376 16.101187 32.530269 32.885993 27.971457 27.272431 23.695411 -0.153571 0.334269 0.929507 -0.012663 0.320131 0.946563 -0.136895 0.408306 0.901788 98.255140 16.239427 18.279790 45.324954 16.525681 34.953484 28.153959 30.951816 29.229399 24.556783 -0.172741 0.344090 0.922525 -0.036218 0.307781 0.950040 -0.157096 0.388740 0.907313 86.395633 13.144377 17.064117 44.944448 17.091826 38.267381 28.168662 28.752999 29.494327 24.339149 -0.109693 0.339302 0.933516 0.051043 0.305787 0.949492 -0.078297 0.404069 0.909960 
7.771739 -5.925920 -0.165732 2.645700 6.634724 2.854966 5.177647 -2.111461 2.663036 -0.074039 -0.022622 -0.037645 0.009814 -0.045316 0.058281 -0.021558 -0.036652 0.033318 -0.020349 -5.925920 18.622943 2.907012 -10.906342 -12.585481 -8.591704 -16.523414 4.070859 -10.461244 -0.090030 0.011306 0.095050 -0.032768 -0.005704 -0.086463 0.030347 0.012433 -0.121406 0.056110 -0.165732 2.907012 1.892499 -2.265739 -1.547672 -1.269861 -3.197402 0.558276 -2.050945 0.004906 -0.001400 0.016311 -0.006235 -0.010196 -0.008468 0.002786 -0.002533 -0.023345 0.010028 2.645700 -10.906342 -2.265739 15.088982 0.404657 6.905768 8.682254 -2.067171 5.993792 -0.438492 -0.000897 -0.057835 0.020992 0.019793 0.020806 -0.007414 0.002116 0.076349 -0.033714 6.634724 -12.585481 -1.547672 0.404657 18.197694 4.466526 13.638783 -3.486579 8.019669 0.485002 -0.019229 -0.071912 0.022942 -0.025090 0.102935 -0.036365 -0.029228 0.084272 -0.042100 2.854966 -8.591704 -1.269861 6.905768 4.466526 5.952006 6.931687 -1.730846 4.741636 -0.055931 -0.005434 -0.044255 0.015155 0.003045 0.035738 -0.012747 -0.003897 0.056794 -0.026014 5.177647 -16.523414 -3.197402 8.682254 13.638783 6.931687 18.556456 -4.126719 10.523962 0.171804 -0.008339 -0.093028 0.032680 0.010213 0.086556 -0.030002 -0.012842 0.119027 -0.055001 -2.111461 4.070859 0.558276 -2.067171 -3.486579 -1.730846 -4.126719 2.351304 -2.135995 -0.003827 0.005276 0.023525 -0.007714 0.006158 -0.026391 0.009325 0.008255 -0.028087 0.013750 2.663036 -10.461244 -2.050945 5.993792 8.019669 4.741636 10.523962 -2.135995 8.102845 0.093617 -0.003465 -0.057453 0.020457 0.013526 0.047141 -0.016259 -0.002814 0.075247 -0.033985 -0.074039 -0.090030 0.004906 -0.438492 0.485002 -0.055931 0.171804 -0.003827 0.093617 1.113698 0.000702 -0.000333 0.000213 0.000217 0.003031 -0.001024 0.000808 0.000536 -0.000165 -0.022622 0.011306 -0.001400 -0.000897 -0.019229 -0.005434 -0.008339 0.005276 -0.003465 0.000702 0.000194 0.000079 -0.000013 0.000177 -0.000157 0.000059 0.000136 -0.000051 0.000042 -0.037645 0.095050 0.016311 -0.057835 -0.071912 -0.044255 -0.093028 0.023525 -0.057453 -0.000333 0.000079 0.000638 -0.000183 0.000013 -0.000505 0.000178 0.000113 -0.000666 0.000314 0.009814 -0.032768 -0.006235 0.020992 0.022942 0.015155 0.032680 -0.007714 0.020457 0.000213 -0.000013 -0.000183 0.000165 0.000027 0.000156 -0.000054 -0.000018 0.000235 -0.000108 -0.045316 -0.005704 -0.010196 0.019793 -0.025090 0.003045 0.010213 0.006158 0.013526 0.000217 0.000177 0.000013 0.000027 0.000604 -0.000308 0.000120 0.000323 0.000135 -0.000011 0.058281 -0.086463 -0.008468 0.020806 0.102935 0.035738 0.086556 -0.026391 0.047141 0.003031 -0.000157 -0.000505 0.000156 -0.000308 0.000871 -0.000277 -0.000270 0.000548 -0.000287 -0.021558 0.030347 0.002786 -0.007414 -0.036365 -0.012747 -0.030002 0.009325 -0.016259 -0.001024 0.000059 0.000178 -0.000054 0.000120 -0.000277 0.000200 0.000102 -0.000190 0.000101 -0.036652 0.012433 -0.002533 0.002116 -0.029228 -0.003897 -0.012842 0.008255 -0.002814 0.000808 0.000136 0.000113 -0.000018 0.000323 -0.000270 0.000102 0.000350 -0.000036 0.000053 0.033318 -0.121406 -0.023345 0.076349 0.084272 0.056794 0.119027 -0.028087 0.075247 0.000536 -0.000051 -0.000666 0.000235 0.000135 0.000548 -0.000190 -0.000036 0.000987 -0.000401 -0.020349 0.056110 0.010028 -0.033714 -0.042100 -0.026014 -0.055001 0.013750 -0.033985 -0.000165 0.000042 0.000314 -0.000108 -0.000011 -0.000287 0.000101 0.000053 -0.000401 0.000287 
22.992470 -2.563185 -7.518479 13.711485 0.551575 5.923447 3.471956 -2.328393 1.637143 0.801149 -0.084254 -0.077689 0.014193 -0.150952 0.068479 -0.025732 -0.127707 0.023537 -0.030643 -2.563185 2.351845 0.081766 -2.031163 -0.209077 -1.289244 -0.157513 0.271168 -0.702923 -0.090690 0.008336 0.009599 -0.002230 0.017585 -0.011575 0.003971 0.017418 -0.002546 0.003786 -7.518479 0.081766 6.403068 -5.568284 -0.039717 -1.800787 -2.876631 2.022181 0.140457 0.148772 0.027501 0.037376 -0.008982 0.050630 -0.025822 0.009717 0.040346 -0.016131 0.013500 13.711485 -2.031163 -5.568284 11.550585 -0.351991 4.576495 2.318143 -1.784508 1.333083 0.196245 -0.047668 -0.056444 0.012761 -0.096243 0.045707 -0.017000 -0.084051 0.012981 -0.019102 0.551575 -0.209077 -0.039717 -0.351991 1.619848 -0.008532 0.314942 -0.376311 -0.128467 0.053313 -0.003636 -0.001183 -0.000211 -0.002685 0.004239 -0.001427 -0.001765 0.003532 -0.001760 5.923447 -1.289244 -1.800787 4.576495 -0.008532 3.651921 0.100382 -0.620836 0.685952 0.204131 -0.020697 -0.023591 0.005238 -0.042296 0.021097 -0.007743 -0.037083 0.002325 -0.006936 3.471956 -0.157513 -2.876631 2.318143 0.314942 0.100382 3.796095 -1.392027 -0.089884 -0.179521 -0.012962 -0.018397 0.004530 -0.020693 0.013195 -0.004721 -0.016930 0.015346 -0.009254 -2.328393 0.271168 2.022181 -1.784508 -0.376311 -0.620836 -1.392027 2.610827 0.502029 0.394593 0.007825 0.014882 -0.004199 0.016598 -0.011711 0.004194 0.014240 -0.007641 0.005573 1.637143 -0.702923 0.140457 1.333083 -0.128467 0.685952 -0.089884 0.502029 1.897146 0.272030 -0.005209 -0.004282 0.000707 -0.010838 0.005927 -0.002112 -0.010731 -0.000121 -0.001641 0.801149 -0.090690 0.148772 0.196245 0.053313 0.204131 -0.179521 0.394593 0.272030 1.322062 -0.003831 -0.000415 -0.000520 -0.004282 0.001158 -0.000402 -0.003050 -0.000144 -0.000375 -0.084254 0.008336 0.027501 -0.047668 -0.003636 -0.020697 -0.012962 0.007825 -0.005209 -0.003831 0.000448 0.000276 -0.000041 0.000568 -0.000241 0.000092 0.000465 -0.000106 0.000120 -0.077689 0.009599 0.037376 -0.056444 -0.001183 -0.023591 -0.018397 0.014882 -0.004282 -0.000415 0.000276 0.000440 -0.000078 0.000537 -0.000278 0.000103 0.000459 -0.000105 0.000119 0.014193 -0.002230 -0.008982 0.012761 -0.000211 0.005238 0.004530 -0.004199 0.000707 -0.000520 -0.000041 -0.000078 0.000122 -0.000101 0.000062 -0.000022 -0.000090 0.000020 -0.000023 -0.150952 0.017585 0.050630 -0.096243 -0.002685 -0.042296 -0.020693 0.016598 -0.010838 -0.004282 0.000568 0.000537 -0.000101 0.001167 -0.000480 0.000182 0.000909 -0.000129 0.000202 0.068479 -0.011575 -0.025822 0.045707 0.004239 0.021097 0.013195 -0.011711 0.005927 0.001158 -0.000241 -0.000278 0.000062 -0.000480 0.000379 -0.000102 -0.000423 0.000079 -0.000102 -0.025732 0.003971 0.009717 -0.017000 -0.001427 -0.007743 -0.004721 0.004194 -0.002112 -0.000402 0.000092 0.000103 -0.000022 0.000182 -0.000102 0.000137 0.000159 -0.000028 0.000038 -0.127707 0.017418 0.040346 -0.084051 -0.001765 -0.037083 -0.016930 0.014240 -0.010731 -0.003050 0.000465 0.000459 -0.000090 0.000909 -0.000423 0.000159 0.000901 -0.000089 0.000167 0.023537 -0.002546 -0.016131 0.012981 0.003532 0.002325 0.015346 -0.007641 -0.000121 -0.000144 -0.000106 -0.000105 0.000020 -0.000129 0.000079 -0.000028 -0.000089 0.000228 -0.000068 -0.030643 0.003786 0.013500 -0.019102 -0.001760 -0.006936 -0.009254 0.005573 -0.001641 -0.000375 0.000120 0.000119 -0.000023 0.000202 -0.000102 0.000038 0.000167 -0.000068 0.000156 
46.004177 7.717655 6.675062 3.937328 -3.329237 -5.789689 -10.416397 6.408388 -0.318235 0.315547 -0.238295 -0.000151 -0.024639 -0.313741 0.025242 0.012190 -0.302601 -0.088930 0.019064 7.717655 3.507838 2.144517 -0.610619 -0.689435 -2.682760 -1.835794 1.760509 -0.058146 -0.033775 -0.041800 0.008101 -0.007259 -0.051239 -0.002485 0.004321 -0.051695 -0.019090 0.005208 6.675062 2.144517 4.587411 -0.173413 -1.708568 -3.004605 -2.092564 2.033841 0.124723 -0.617364 -0.034771 0.011815 -0.007872 -0.049612 -0.008152 0.005840 -0.055991 -0.025082 0.006931 3.937328 -0.610619 -0.173413 3.451384 -0.709796 1.864186 -1.954444 -0.173612 0.010857 -0.062916 -0.018019 -0.009222 0.001688 -0.031072 0.008468 -0.000682 -0.031179 -0.013406 0.003738 -3.329237 -0.689435 -1.708568 -0.709796 2.252758 0.594897 1.855862 -0.964533 -0.196327 0.357308 0.016868 -0.003665 0.002874 0.026116 0.003663 -0.003100 0.030583 0.017700 -0.005741 -5.789689 -2.682760 -3.004605 1.864186 0.594897 5.655269 -0.344274 -1.954349 0.109151 0.406015 0.031795 -0.014769 0.009184 0.040423 0.008183 -0.004577 0.041259 0.008294 -0.000058 -10.416397 -1.835794 -2.092564 -1.954444 1.855862 -0.344274 6.950743 -1.676222 -0.210006 -0.002680 0.054965 0.000249 0.004417 0.070426 -0.002845 -0.005570 0.076059 0.042781 -0.015695 6.408388 1.760509 2.033841 -0.173612 -0.964533 -1.954349 -1.676222 2.906938 0.302201 0.040175 -0.035254 0.007653 -0.006576 -0.044378 -0.004422 0.004208 -0.044442 -0.017040 0.004344 -0.318235 -0.058146 0.124723 0.010857 -0.196327 0.109151 -0.210006 0.302201 1.292907 0.097407 0.001258 0.001433 -0.000347 0.002605 -0.002164 0.000605 0.002248 -0.001248 0.000731 0.315547 -0.033775 -0.617364 -0.062916 0.357308 0.406015 -0.002680 0.040175 0.097407 1.377646 -0.002541 -0.001544 0.000239 0.000139 0.001765 -0.000563 0.003012 0.002305 -0.000666 -0.238295 -0.041800 -0.034771 -0.018019 0.016868 0.031795 0.054965 -0.035254 0.001258 -0.002541 0.001383 -0.000008 0.000135 0.001657 -0.000122 -0.000070 0.001592 0.000460 -0.000099 -0.000151 0.008101 0.011815 -0.009222 -0.003665 -0.014769 0.000249 0.007653 0.001433 -0.001544 -0.000008 0.000181 -0.000031 0.000005 -0.000072 0.000023 -0.000019 -0.000036 0.000013 -0.024639 -0.007259 -0.007872 0.001688 0.002874 0.009184 0.004417 -0.006576 -0.000347 0.000239 0.000135 -0.000031 0.000126 0.000173 0.000014 -0.000014 0.000172 0.000056 -0.000011 -0.313741 -0.051239 -0.049612 -0.031072 0.026116 0.040423 0.070426 -0.044378 0.002605 0.000139 0.001657 0.000005 0.000173 0.002343 -0.000171 -0.000083 0.002169 0.000632 -0.000126 0.025242 -0.002485 -0.008152 0.008468 0.003663 0.008183 -0.002845 -0.004422 -0.002164 0.001765 -0.000122 -0.000072 0.000014 -0.000171 0.000197 -0.000020 -0.000134 0.000013 -0.000013 0.012190 0.004321 0.005840 -0.000682 -0.003100 -0.004577 -0.005570 0.004208 0.000605 -0.000563 -0.000070 0.000023 -0.000014 -0.000083 -0.000020 0.000114 -0.000095 -0.000053 0.000019 -0.302601 -0.051695 -0.055991 -0.031179 0.030583 0.041259 0.076059 -0.044442 0.002248 0.003012 0.001592 -0.000019 0.000172 0.002169 -0.000134 -0.000095 0.002248 0.000686 -0.000155 -0.088930 -0.019090 -0.025082 -0.013406 0.017700 0.008294 0.042781 -0.017040 -0.001248 0.002305 0.000460 -0.000036 0.000056 0.000632 0.000013 -0.000053 0.000686 0.000473 -0.000124 0.019064 0.005208 0.006931 0.003738 -0.005741 -0.000058 -0.015695 0.004344 0.000731 -0.000666 -0.000099 0.000013 -0.000011 -0.000126 -0.000013 0.000019 -0.000155 -0.000124 0.000150 
